2
3
14
8
38
7
38
7
4
32
12
16
70
23
34
24
20
48
28
32
70
39
50
40
254
47
23
80
7
48
38
63
146
147
4
131
39
64
12
115
14
135
130
159
114
159
22
153
5
147
14
63
14
137
135
144
119
128
254
79
83
79
14
135
130
159
22
153
5
147
14
63
254
95
179
94
14
47
254
31
7
160
38
175
167
48
39
80
146
147
4
131
23
64
55
176
34
191
4
123
14
135
130
159
114
159
22
153
5
147
34
63
14
137
135
144
119
128
254
79
67
79
14
135
130
159
22
153
5
147
254
95
14
175
167
48
131
94
253
0
14
31
39
96
14
111
14
105
23
112
14
127
14
121
119
176
103
192
5
176
70
185
13
176
21
192
70
201
29
192
7
48
38
63
55
144
119
160
103
128
151
64
4
84
5
83
14
63
22
79
254
143
179
143
34
159
34
159
254
175
83
175
